30
0 4 5
0 6 7
0 8 10
1 13 2
1 15 3
1 12 3
2 0 3
2 1 3
2 5 7
2 7 8
2 8 10
3 2 3
3 9 3
3 12 3
3 19 3
3 17 23
3 21 34
4 15 23
4 10 23
4 5 35
4 3 67
5 6 7
5 13 12
3 18 45
5 19 21
5 27 4
6 4 3
6 23 4
6 24 4
6 28 6
6 7 4
7 3 4
7 0 1 
7 1 2
7 29 0
8 11 3
8 14 5
9 16 4
10 20 4
10 3 3
11 22 4
12 29 3
13 0 4
14 1 5
15 24 6
16 2 6
17 3 5
18 4 8
19 5 8
20 6 4
21 26 7
22 7 9
22 27 3
23 8 3
24 27 9
24 14 5
24 15 4
24 28 2
25 9 10
25 16 7
25 26 1
26 10 11
26 17 13
26 18 34
27 11 45
27 13 4
27 24 5
27 25 3
27 29 4
28 25 6
28 19 3
28 20 3
28 21 7
29 28 4
29 12 3
29 22 3
29 23 4
100 100 100
17 